Keys: 1
Throughput: 1598.84 1677.75 1637.76
Response Time: 3.5305 3.34433333333 3.43066666667

Keys: 3
Throughput: 1550.39 1401.14 1464.46
Response Time: 3.74983333333 4.04416666667 3.9575

Keys: 6
Throughput: 1446.58 1379.57 1451.74
Response Time: 4.1455 4.3335 4.153

Keys: 9
Throughput: 1301.83 1211.34 1262.84
Response Time: 4.77833333333 5.165 4.91016666667

