Keys: 1
Throughput: 1653.51 1641.7 1631.47
Response Time: 3.434 3.41583333333 3.45583333333

Keys: 3
Throughput: 1479.99 1440.63 1424.5
Response Time: 4.14566666667 4.2495 4.30333333333

Keys: 6
Throughput: 1382.89 1362.62 1314.56
Response Time: 4.5215 4.59983333333 4.74216666667

Keys: 9
Throughput: 1211.73 1191.95 1206.63
Response Time: 5.283 5.42083333333 5.27783333333

